,N,kl,type,d,phase_shift
0,100,0.32655548228004017,hcm,5,0
1,100,0.3169784097130805,hcm,5,1
2,100,0.43376157712991137,hcm,5,2
3,100,0.6056123887288303,hcm,5,3
4,100,0.3930081044381556,hcm,5,4
5,100,0.47389475656177465,hcm,5,5
6,100,1.1639280936022365,hcm,5,6
7,100,0.4411951171568202,hcm,5,7
8,100,0.3431189422372,hcm,5,8
9,100,0.4214162447400326,hcm,5,9
10,100,0.5652663664191554,hcm,5,10
11,100,0.37237358907684726,hcm,5,11
12,100,0.4261957499892825,hcm,5,12
13,100,0.555457026073753,hcm,5,13
14,100,1.0869534250873492,hcm,5,14
15,100,0.34708644468757555,hcm,5,15
16,100,0.8072336840476834,hcm,5,16
17,100,0.1392130357025511,hcm,5,17
18,100,0.3042116450096697,hcm,5,18
19,100,0.3179493378965366,hcm,5,19
20,200,0.3022438277071189,hcm,5,0
21,200,0.3431417724758607,hcm,5,1
22,200,0.29574466209796885,hcm,5,2
23,200,0.22088317199000287,hcm,5,3
24,200,0.5065320820019039,hcm,5,4
25,200,0.13124560368853744,hcm,5,5
26,200,0.24465813768225167,hcm,5,6
27,200,0.30715877064506586,hcm,5,7
28,200,0.3194986814402694,hcm,5,8
29,200,0.2965382117860129,hcm,5,9
30,200,0.23284758812586126,hcm,5,10
31,200,0.3013061626674646,hcm,5,11
32,200,0.1640210910052424,hcm,5,12
33,200,0.27472611087733884,hcm,5,13
34,200,0.2901931559985356,hcm,5,14
35,200,0.3343477598597041,hcm,5,15
36,200,0.14685380685452928,hcm,5,16
37,200,0.20053186676921986,hcm,5,17
38,200,0.23112235958818564,hcm,5,18
39,200,0.4159361689458688,hcm,5,19
40,300,0.3117657424234414,hcm,5,0
41,300,0.3000127362508013,hcm,5,1
42,300,0.25922674679269275,hcm,5,2
43,300,0.21615727704031712,hcm,5,3
44,300,0.1644641741473732,hcm,5,4
45,300,0.17950947702391643,hcm,5,5
46,300,0.18788315072073639,hcm,5,6
47,300,0.19579916358198246,hcm,5,7
48,300,0.156223395645201,hcm,5,8
49,300,0.10839564639669044,hcm,5,9
50,300,0.19458235589726153,hcm,5,10
51,300,0.14660763342537786,hcm,5,11
52,300,0.07487927041895122,hcm,5,12
53,300,0.3079416484433059,hcm,5,13
54,300,0.059517481157533914,hcm,5,14
55,300,0.16326006575986074,hcm,5,15
56,300,0.09669291720981725,hcm,5,16
57,300,0.30960522624614273,hcm,5,17
58,300,0.18121671345709367,hcm,5,18
59,300,0.18078305757755384,hcm,5,19
60,400,0.034775601102803394,hcm,5,0
61,400,0.07095998509125422,hcm,5,1
62,400,0.14394837602292243,hcm,5,2
63,400,0.09747214548821997,hcm,5,3
64,400,0.12336963599789522,hcm,5,4
65,400,0.10243349917658824,hcm,5,5
66,400,0.14939331713775955,hcm,5,6
67,400,0.16064543295921735,hcm,5,7
68,400,0.0794240218378731,hcm,5,8
69,400,0.26481032773648616,hcm,5,9
70,400,0.10221522728587057,hcm,5,10
71,400,0.07672220347892916,hcm,5,11
72,400,0.08146274524963901,hcm,5,12
73,400,0.13582421374357057,hcm,5,13
74,400,0.211535717173608,hcm,5,14
75,400,0.16255034605740956,hcm,5,15
76,400,0.09252158061439103,hcm,5,16
77,400,0.19217676979560444,hcm,5,17
78,400,0.10429656365940623,hcm,5,18
79,400,0.12171568754931372,hcm,5,19
80,500,0.04672048097505867,hcm,5,0
81,500,0.029721273029058227,hcm,5,1
82,500,0.09184953664288154,hcm,5,2
83,500,0.10743149915833536,hcm,5,3
84,500,0.06635873677640693,hcm,5,4
85,500,0.04624702176059314,hcm,5,5
86,500,0.2485407899795472,hcm,5,6
87,500,0.08041470145862412,hcm,5,7
88,500,0.06701290453684443,hcm,5,8
89,500,0.08563426962030529,hcm,5,9
90,500,0.1275611754446751,hcm,5,10
91,500,0.09283177764907316,hcm,5,11
92,500,0.11842532080400102,hcm,5,12
93,500,0.1118918613917405,hcm,5,13
94,500,0.15293366347385384,hcm,5,14
95,500,0.09059827030936594,hcm,5,15
96,500,0.05961530950628688,hcm,5,16
97,500,0.05549309537806432,hcm,5,17
98,500,0.06871688083712033,hcm,5,18
99,500,0.024796136979501116,hcm,5,19
100,600,0.028770266841701163,hcm,5,0
101,600,0.03281408376099826,hcm,5,1
102,600,0.062239434337608555,hcm,5,2
103,600,0.12417075397969744,hcm,5,3
104,600,0.07966219810314602,hcm,5,4
105,600,0.04992730348637398,hcm,5,5
106,600,0.08059200932599785,hcm,5,6
107,600,0.033907321082967054,hcm,5,7
108,600,0.09972288964945837,hcm,5,8
109,600,0.05808803481922921,hcm,5,9
110,600,0.05753938872979183,hcm,5,10
111,600,0.045672403000542,hcm,5,11
112,600,0.04988333550841479,hcm,5,12
113,600,0.10054571684236906,hcm,5,13
114,600,0.08548829104949793,hcm,5,14
115,600,0.07096003470164544,hcm,5,15
116,600,0.06409284748042643,hcm,5,16
117,600,0.09417406024711474,hcm,5,17
118,600,0.06323303567300781,hcm,5,18
119,600,0.08097759212282694,hcm,5,19
120,700,0.082792654932037,hcm,5,0
121,700,0.07693287822975144,hcm,5,1
122,700,0.025667508616481566,hcm,5,2
123,700,0.05407572094731219,hcm,5,3
124,700,0.0745101385945773,hcm,5,4
125,700,0.08941798987126919,hcm,5,5
126,700,0.06285607287836636,hcm,5,6
127,700,0.05926979451666205,hcm,5,7
128,700,0.07580124947226233,hcm,5,8
129,700,0.15177669611336958,hcm,5,9
130,700,0.03592702577185375,hcm,5,10
131,700,0.10233381852612902,hcm,5,11
132,700,0.031989977926529314,hcm,5,12
133,700,0.13133747991450748,hcm,5,13
134,700,0.08276553399739983,hcm,5,14
135,700,0.04905954791741909,hcm,5,15
136,700,0.08218852894847156,hcm,5,16
137,700,0.038754325687659005,hcm,5,17
138,700,0.028628320790772377,hcm,5,18
139,700,0.06734865893428538,hcm,5,19
140,800,0.02326899722316375,hcm,5,0
141,800,0.07873315308015598,hcm,5,1
142,800,0.07387590678777353,hcm,5,2
143,800,0.07020749414937978,hcm,5,3
144,800,0.031474207558661774,hcm,5,4
145,800,0.04264453946304821,hcm,5,5
146,800,0.04190280335260381,hcm,5,6
147,800,0.06617268135992187,hcm,5,7
148,800,0.08849280302990434,hcm,5,8
149,800,0.05588913978919359,hcm,5,9
150,800,0.04228128411945806,hcm,5,10
151,800,0.06564538002254973,hcm,5,11
152,800,0.09807406775866917,hcm,5,12
153,800,0.05725807751560088,hcm,5,13
154,800,0.06068622555561559,hcm,5,14
155,800,0.038067772091917085,hcm,5,15
156,800,0.027595212926873267,hcm,5,16
157,800,0.05774801887538908,hcm,5,17
158,800,0.06122740414037363,hcm,5,18
159,800,0.02298074736526224,hcm,5,19
160,900,0.038529898147127276,hcm,5,0
161,900,0.10642353634652492,hcm,5,1
162,900,0.06062274522138392,hcm,5,2
163,900,0.016266762358907644,hcm,5,3
164,900,0.0345707878524024,hcm,5,4
165,900,0.054718799445928244,hcm,5,5
166,900,0.06780871897215576,hcm,5,6
167,900,0.05350382755128872,hcm,5,7
168,900,0.03363775231397592,hcm,5,8
169,900,0.053468724834276865,hcm,5,9
170,900,0.06332221526521466,hcm,5,10
171,900,0.053860508993272875,hcm,5,11
172,900,0.015024348505846854,hcm,5,12
173,900,0.08211576564361919,hcm,5,13
174,900,0.04025929852734923,hcm,5,14
175,900,0.041829763760825284,hcm,5,15
176,900,0.03885763565794905,hcm,5,16
177,900,0.035859947450802905,hcm,5,17
178,900,0.029601294145889474,hcm,5,18
179,900,0.026752804222120136,hcm,5,19
180,100,0.734004997630109,hcm,5,0
181,100,0.5937666398301444,hcm,5,1
182,100,0.9558647908074899,hcm,5,2
183,100,0.6223780023061525,hcm,5,3
184,100,0.38849987723012386,hcm,5,4
185,100,0.6389788634253464,hcm,5,5
186,100,0.5312915687868625,hcm,5,6
187,100,0.7547078915451559,hcm,5,7
188,100,0.6836699137582869,hcm,5,8
189,100,0.9449112251189415,hcm,5,9
190,100,0.5228932277189218,hcm,5,10
191,100,0.6865222639203701,hcm,5,11
192,100,0.41679707368084734,hcm,5,12
193,100,0.6185367386121514,hcm,5,13
194,100,0.5947637978135121,hcm,5,14
195,100,0.6376623136676931,hcm,5,15
196,100,0.8308563776532962,hcm,5,16
197,100,0.7168379979619833,hcm,5,17
198,100,0.8472299617073327,hcm,5,18
199,100,1.049690050515859,hcm,5,19
200,200,0.5461312850172437,hcm,5,0
201,200,0.4292531023291429,hcm,5,1
202,200,0.7602090007711504,hcm,5,2
203,200,0.5674327164948471,hcm,5,3
204,200,0.13959676084590356,hcm,5,4
205,200,0.5456628955327685,hcm,5,5
206,200,0.44280926929917575,hcm,5,6
207,200,0.23902359949540347,hcm,5,7
208,200,0.22803247223139889,hcm,5,8
209,200,0.2805039701481485,hcm,5,9
210,200,0.41430120138569787,hcm,5,10
211,200,0.45374474246999885,hcm,5,11
212,200,0.5858119136724559,hcm,5,12
213,200,0.194594620250927,hcm,5,13
214,200,0.6375349658905288,hcm,5,14
215,200,0.35616058412199636,hcm,5,15
216,200,0.5703906863899476,hcm,5,16
217,200,0.24201584558983197,hcm,5,17
218,200,0.7182660782066852,hcm,5,18
219,200,0.6094664898363751,hcm,5,19
220,300,0.09190574637023513,hcm,5,0
221,300,0.26460787305728994,hcm,5,1
222,300,0.05433003474868041,hcm,5,2
223,300,0.44965076729657744,hcm,5,3
224,300,0.1410616394964046,hcm,5,4
225,300,0.10204735912974904,hcm,5,5
226,300,0.2295348193515433,hcm,5,6
227,300,0.4302520089509354,hcm,5,7
228,300,0.5480802473200077,hcm,5,8
229,300,0.49727831682082174,hcm,5,9
230,300,0.3006634271287267,hcm,5,10
231,300,0.2254445203378984,hcm,5,11
232,300,0.32094859336168796,hcm,5,12
233,300,0.3076313008788942,hcm,5,13
234,300,0.5622202741726866,hcm,5,14
235,300,0.28423093984373493,hcm,5,15
236,300,0.04826752768237398,hcm,5,16
237,300,0.2570786661060645,hcm,5,17
238,300,0.22834464797847986,hcm,5,18
239,300,0.05309406766021224,hcm,5,19
240,400,0.09791019392305045,hcm,5,0
241,400,0.34786754110763957,hcm,5,1
242,400,0.10216931549902772,hcm,5,2
243,400,0.23447404850356457,hcm,5,3
244,400,0.25127375274082214,hcm,5,4
245,400,0.1279419293271974,hcm,5,5
246,400,0.03806450687818038,hcm,5,6
247,400,0.10680835051161247,hcm,5,7
248,400,0.06464548250872003,hcm,5,8
249,400,0.061860397972991484,hcm,5,9
250,400,0.028664107434159224,hcm,5,10
251,400,0.042397214932315894,hcm,5,11
252,400,0.33983778323560737,hcm,5,12
253,400,0.3379380658889501,hcm,5,13
254,400,0.07090791102861065,hcm,5,14
255,400,0.07759227481764784,hcm,5,15
256,400,0.04772705044498205,hcm,5,16
257,400,0.11338194862503237,hcm,5,17
258,400,0.12610179501691976,hcm,5,18
259,400,0.564420301785073,hcm,5,19
260,500,0.035285337321986646,hcm,5,0
261,500,0.04200918336010039,hcm,5,1
262,500,0.06183120268150213,hcm,5,2
263,500,0.04301226189222348,hcm,5,3
264,500,0.05311740314777376,hcm,5,4
265,500,0.04305867148393774,hcm,5,5
266,500,0.09089449461899457,hcm,5,6
267,500,0.03807791742357008,hcm,5,7
268,500,0.029952620750029357,hcm,5,8
269,500,0.30427727136537613,hcm,5,9
270,500,0.12200974941445486,hcm,5,10
271,500,0.3346745522095497,hcm,5,11
272,500,0.05080368244688023,hcm,5,12
273,500,0.030918223135490655,hcm,5,13
274,500,0.07116521452118589,hcm,5,14
275,500,0.015397822505506618,hcm,5,15
276,500,0.034782542170176914,hcm,5,16
277,500,0.08775579057864198,hcm,5,17
278,500,0.048010466967141355,hcm,5,18
279,500,0.041803509047213035,hcm,5,19
280,600,0.05568217250737506,hcm,5,0
281,600,0.09343294583544057,hcm,5,1
282,600,0.23962948728688152,hcm,5,2
283,600,0.042631936504790094,hcm,5,3
284,600,0.06045136168218378,hcm,5,4
285,600,0.1723533234390609,hcm,5,5
286,600,0.06559587585221549,hcm,5,6
287,600,0.08033691749440763,hcm,5,7
288,600,0.05072793212392332,hcm,5,8
289,600,0.09016302808964474,hcm,5,9
290,600,0.02733461409317603,hcm,5,10
291,600,0.06466818178527678,hcm,5,11
292,600,0.06805216798816008,hcm,5,12
293,600,0.03998092688666448,hcm,5,13
294,600,0.06714486304364829,hcm,5,14
295,600,0.03665536062408257,hcm,5,15
296,600,0.04937227161164234,hcm,5,16
297,600,0.06422967648902282,hcm,5,17
298,600,0.09270379434201789,hcm,5,18
299,600,0.03910969300156103,hcm,5,19
300,700,0.06871973439290588,hcm,5,0
301,700,0.038102310779850906,hcm,5,1
302,700,0.28729647631521926,hcm,5,2
303,700,0.501804368811246,hcm,5,3
304,700,0.032574646330096754,hcm,5,4
305,700,0.05639112992504117,hcm,5,5
306,700,0.04451307806702933,hcm,5,6
307,700,0.053088598408730404,hcm,5,7
308,700,0.03196338500434099,hcm,5,8
309,700,0.05687798559916797,hcm,5,9
310,700,0.05216108417736604,hcm,5,10
311,700,0.02203150280739575,hcm,5,11
312,700,0.025329377735990876,hcm,5,12
313,700,0.024632979845354362,hcm,5,13
314,700,0.050880381432492,hcm,5,14
315,700,0.07853029351460587,hcm,5,15
316,700,0.025581499018902602,hcm,5,16
317,700,0.08201008680354671,hcm,5,17
318,700,0.04461771277804446,hcm,5,18
319,700,0.04763293988193859,hcm,5,19
320,800,0.06692142101489845,hcm,5,0
321,800,0.05879868950146468,hcm,5,1
322,800,0.034601590551475096,hcm,5,2
323,800,0.027733083628457895,hcm,5,3
324,800,0.024032128062981974,hcm,5,4
325,800,0.08312281075795089,hcm,5,5
326,800,0.05257935411924426,hcm,5,6
327,800,0.047373432482027425,hcm,5,7
328,800,0.04560119067961959,hcm,5,8
329,800,0.026996170746933543,hcm,5,9
330,800,0.02939597321046801,hcm,5,10
331,800,0.03426045195790806,hcm,5,11
332,800,0.07187904854810788,hcm,5,12
333,800,0.086959385943766,hcm,5,13
334,800,0.031784918868236284,hcm,5,14
335,800,0.058475747163936304,hcm,5,15
336,800,0.05401243180979495,hcm,5,16
337,800,0.02334092173760036,hcm,5,17
338,800,0.016917263366479907,hcm,5,18
339,800,0.059289703996079565,hcm,5,19
340,900,0.03673743817960447,hcm,5,0
341,900,0.06846725475327964,hcm,5,1
342,900,0.08647092810801822,hcm,5,2
343,900,0.07191636010158722,hcm,5,3
344,900,0.09700814593514395,hcm,5,4
345,900,0.06275690433459401,hcm,5,5
346,900,0.029172592826930462,hcm,5,6
347,900,0.07572555462804456,hcm,5,7
348,900,0.04332855471173563,hcm,5,8
349,900,0.03577459271200485,hcm,5,9
350,900,0.052763988816628665,hcm,5,10
351,900,0.0362035460365992,hcm,5,11
352,900,0.05040453532840371,hcm,5,12
353,900,0.03350342476062773,hcm,5,13
354,900,0.051353908675888404,hcm,5,14
355,900,0.0342218022627474,hcm,5,15
356,900,0.043177772124041586,hcm,5,16
357,900,0.05001355073292608,hcm,5,17
358,900,0.0330293224939818,hcm,5,18
359,900,0.044375396150782676,hcm,5,19
360,100,0.5711376980306618,hcm,5,0
361,100,0.32573317927083123,hcm,5,1
362,100,0.7514609999244711,hcm,5,2
363,100,0.6461488996212879,hcm,5,3
364,100,0.3386180103430081,hcm,5,4
365,100,0.6778997451495747,hcm,5,5
366,100,0.313310977677898,hcm,5,6
367,100,0.7666523766415936,hcm,5,7
368,100,0.7602689725098337,hcm,5,8
369,100,0.6738279610042246,hcm,5,9
370,100,0.5008168020732943,hcm,5,10
371,100,0.6476176674252059,hcm,5,11
372,100,0.5321187234259804,hcm,5,12
373,100,0.41523249170621196,hcm,5,13
374,100,0.47736567459755563,hcm,5,14
375,100,0.493461419755593,hcm,5,15
376,100,0.5166731847811441,hcm,5,16
377,100,0.41657623490295864,hcm,5,17
378,100,0.6122238839629962,hcm,5,18
379,100,0.39498531925515484,hcm,5,19
380,200,0.25066702818814357,hcm,5,0
381,200,0.1388111477005816,hcm,5,1
382,200,0.09824696185000287,hcm,5,2
383,200,0.2779643683198786,hcm,5,3
384,200,0.09069736138218044,hcm,5,4
385,200,0.22720948404432137,hcm,5,5
386,200,0.19550673226837642,hcm,5,6
387,200,0.02417178696110585,hcm,5,7
388,200,0.23626784456904643,hcm,5,8
389,200,0.24743183002788227,hcm,5,9
390,200,0.22391861737179167,hcm,5,10
391,200,0.20618737434848852,hcm,5,11
392,200,0.19257865694208912,hcm,5,12
393,200,0.31956105784165034,hcm,5,13
394,200,0.19884281171511886,hcm,5,14
395,200,0.054175494733471934,hcm,5,15
396,200,0.35786033187633914,hcm,5,16
397,200,0.15797989077403413,hcm,5,17
398,200,0.05744391584390298,hcm,5,18
399,200,0.19961125024848628,hcm,5,19
400,300,0.22821618943221295,hcm,5,0
401,300,0.09504347497696944,hcm,5,1
402,300,0.1428544895212956,hcm,5,2
403,300,0.29752951685806045,hcm,5,3
404,300,0.18825721110556248,hcm,5,4
405,300,0.16902125479031072,hcm,5,5
406,300,0.12832960640062943,hcm,5,6
407,300,0.08548646623989015,hcm,5,7
408,300,0.09328109184369375,hcm,5,8
409,300,0.2826493880564236,hcm,5,9
410,300,0.15723623446508156,hcm,5,10
411,300,0.1486968597699064,hcm,5,11
412,300,0.17994127747094013,hcm,5,12
413,300,0.22623695143126138,hcm,5,13
414,300,0.2717705595915072,hcm,5,14
415,300,0.13976892951938316,hcm,5,15
416,300,0.15692624060975122,hcm,5,16
417,300,0.11844654320778832,hcm,5,17
418,300,0.08883836943618083,hcm,5,18
419,300,0.4497576764200787,hcm,5,19
420,400,0.15471405987908715,hcm,5,0
421,400,0.08922189642193479,hcm,5,1
422,400,0.10202231484869764,hcm,5,2
423,400,0.1655369421843537,hcm,5,3
424,400,0.1953192174716861,hcm,5,4
425,400,0.11044768428956159,hcm,5,5
426,400,0.17243101760818383,hcm,5,6
427,400,0.1498723959237287,hcm,5,7
428,400,0.14348163546677298,hcm,5,8
429,400,0.1425912241593692,hcm,5,9
430,400,0.15931489432884866,hcm,5,10
431,400,0.1034391845998825,hcm,5,11
432,400,0.22594272183407402,hcm,5,12
433,400,0.16414937926325707,hcm,5,13
434,400,0.05253083237647995,hcm,5,14
435,400,0.30811651195753764,hcm,5,15
436,400,0.11517255509899217,hcm,5,16
437,400,0.16356556687162752,hcm,5,17
438,400,0.10738335707310506,hcm,5,18
439,400,0.3013942312131389,hcm,5,19
440,500,0.3687581457379088,hcm,5,0
441,500,0.0642770362205889,hcm,5,1
442,500,0.22517999089901095,hcm,5,2
443,500,0.15225774643699053,hcm,5,3
444,500,0.13637497458918374,hcm,5,4
445,500,0.2573207428091353,hcm,5,5
446,500,0.2511638645436075,hcm,5,6
447,500,0.09452396164166288,hcm,5,7
448,500,0.22907883801525838,hcm,5,8
449,500,0.12260621645707663,hcm,5,9
450,500,0.07552592785810577,hcm,5,10
451,500,0.07620399717860034,hcm,5,11
452,500,0.23560910884392153,hcm,5,12
453,500,0.03586220400143272,hcm,5,13
454,500,0.03932044713374275,hcm,5,14
455,500,0.21385531019151902,hcm,5,15
456,500,0.29321468689371155,hcm,5,16
457,500,0.11067981794225927,hcm,5,17
458,500,0.16909331350990134,hcm,5,18
459,500,0.09559500514542411,hcm,5,19
460,600,0.15109075735347435,hcm,5,0
461,600,0.1410473387378816,hcm,5,1
462,600,0.08753150954470637,hcm,5,2
463,600,0.20739679866607968,hcm,5,3
464,600,0.2808363146959699,hcm,5,4
465,600,0.14724516778703103,hcm,5,5
466,600,0.11057644625096151,hcm,5,6
467,600,0.07344741851465351,hcm,5,7
468,600,0.06616743893274728,hcm,5,8
469,600,0.24001068540647816,hcm,5,9
470,600,0.22091558044526202,hcm,5,10
471,600,0.12164729140355393,hcm,5,11
472,600,0.22377880214756693,hcm,5,12
473,600,0.06154201748529288,hcm,5,13
474,600,0.15537000791087918,hcm,5,14
475,600,0.17046780867379244,hcm,5,15
476,600,0.21951378522194318,hcm,5,16
477,600,0.12412976625145791,hcm,5,17
478,600,0.20996434668490935,hcm,5,18
479,600,0.04019626417463692,hcm,5,19
480,700,0.07274195111493324,hcm,5,0
481,700,0.04106784714948185,hcm,5,1
482,700,0.11999329277711092,hcm,5,2
483,700,0.08945107663862384,hcm,5,3
484,700,0.15680995730397818,hcm,5,4
485,700,0.1013894004171785,hcm,5,5
486,700,0.11734079808613354,hcm,5,6
487,700,0.08506944777216938,hcm,5,7
488,700,0.20563667000746721,hcm,5,8
489,700,0.21834715121181714,hcm,5,9
490,700,0.14575492887279048,hcm,5,10
491,700,0.2769965185077404,hcm,5,11
492,700,0.19175156585804265,hcm,5,12
493,700,0.008709868404117308,hcm,5,13
494,700,0.11767009934830473,hcm,5,14
495,700,0.07807144946683653,hcm,5,15
496,700,0.11785468321826605,hcm,5,16
497,700,0.105459123110689,hcm,5,17
498,700,0.12166416241559269,hcm,5,18
499,700,0.2145180405489044,hcm,5,19
500,800,0.19117219538264452,hcm,5,0
501,800,0.23125630927754204,hcm,5,1
502,800,0.06652935748721682,hcm,5,2
503,800,0.060192983865876806,hcm,5,3
504,800,0.18569377598466458,hcm,5,4
505,800,0.12077620513843133,hcm,5,5
506,800,0.08554289702703503,hcm,5,6
507,800,0.3239102740695722,hcm,5,7
508,800,0.05501597742749543,hcm,5,8
509,800,0.133345181352755,hcm,5,9
510,800,0.2187715709384975,hcm,5,10
511,800,0.10096766243339209,hcm,5,11
512,800,0.0614639502481219,hcm,5,12
513,800,0.1596345044754735,hcm,5,13
514,800,0.0767250498298699,hcm,5,14
515,800,0.10546691440834176,hcm,5,15
516,800,0.13070643620293787,hcm,5,16
517,800,0.220737000409555,hcm,5,17
518,800,0.097070652580574,hcm,5,18
519,800,0.1265547464538139,hcm,5,19
520,900,0.31629181627486225,hcm,5,0
521,900,0.1361941998837551,hcm,5,1
522,900,0.15802813289750042,hcm,5,2
523,900,0.08113534615859205,hcm,5,3
524,900,0.13719664491719635,hcm,5,4
525,900,0.1782645250653034,hcm,5,5
526,900,0.14009516632312174,hcm,5,6
527,900,0.0773500851256425,hcm,5,7
528,900,0.16110501640320085,hcm,5,8
529,900,0.06610552344307978,hcm,5,9
530,900,0.08865444513984998,hcm,5,10
531,900,0.09340919416694732,hcm,5,11
532,900,0.09175214217178622,hcm,5,12
533,900,0.05764422910564901,hcm,5,13
534,900,0.09503836353318186,hcm,5,14
535,900,0.03537457922317282,hcm,5,15
536,900,0.15674253488269713,hcm,5,16
537,900,0.1227787192571026,hcm,5,17
538,900,0.024322259249044745,hcm,5,18
539,900,0.1639830230730121,hcm,5,19
540,100,0.22470160145464257,hcm,5,0
541,100,0.3589726520391329,hcm,5,1
542,100,0.13120301020265548,hcm,5,2
543,100,0.16630970292635366,hcm,5,3
544,100,0.529930748314193,hcm,5,4
545,100,0.3235324922774176,hcm,5,5
546,100,0.10123926587963766,hcm,5,6
547,100,0.17140124471478532,hcm,5,7
548,100,0.2947490010682363,hcm,5,8
549,100,0.45671285640838477,hcm,5,9
550,100,0.5107659391125055,hcm,5,10
551,100,0.12154741798793489,hcm,5,11
552,100,0.37951940007258667,hcm,5,12
553,100,0.29028171693002525,hcm,5,13
554,100,0.21093582792413734,hcm,5,14
555,100,0.23578727428447188,hcm,5,15
556,100,0.32005244703282926,hcm,5,16
557,100,0.2152215234682699,hcm,5,17
558,100,0.11044452896373294,hcm,5,18
559,100,0.13984536747656023,hcm,5,19
560,200,0.05754901046500768,hcm,5,0
561,200,0.21215971197766711,hcm,5,1
562,200,0.132407231291351,hcm,5,2
563,200,0.14646618335885642,hcm,5,3
564,200,0.11666063458664264,hcm,5,4
565,200,0.08238378709304103,hcm,5,5
566,200,0.2128290680882148,hcm,5,6
567,200,0.05881217673862211,hcm,5,7
568,200,0.22091758192791638,hcm,5,8
569,200,0.1374634525616669,hcm,5,9
570,200,0.2354163068069512,hcm,5,10
571,200,0.09477798957847422,hcm,5,11
572,200,0.20454530326592293,hcm,5,12
573,200,0.13344735800050964,hcm,5,13
574,200,0.16993109211659846,hcm,5,14
575,200,0.2014690392479848,hcm,5,15
576,200,0.12522783826905418,hcm,5,16
577,200,0.1792098815862955,hcm,5,17
578,200,0.10985235269158405,hcm,5,18
579,200,0.16967602688348662,hcm,5,19
580,300,0.08589538920560813,hcm,5,0
581,300,0.09519923461783787,hcm,5,1
582,300,0.21713506267073643,hcm,5,2
583,300,0.10837679392141394,hcm,5,3
584,300,0.11473625083903556,hcm,5,4
585,300,0.12024212253903416,hcm,5,5
586,300,0.07803730875453503,hcm,5,6
587,300,0.08964697622865099,hcm,5,7
588,300,0.1077917363523684,hcm,5,8
589,300,0.19049062457008126,hcm,5,9
590,300,0.07191854139266272,hcm,5,10
591,300,0.12500745942435137,hcm,5,11
592,300,0.09135881314639753,hcm,5,12
593,300,0.0528195090718189,hcm,5,13
594,300,0.022991216725304103,hcm,5,14
595,300,0.12489308113888804,hcm,5,15
596,300,0.13422283785819666,hcm,5,16
597,300,0.10826721126659934,hcm,5,17
598,300,0.09922683811129582,hcm,5,18
599,300,0.08318465832844468,hcm,5,19
600,400,0.1092466819964481,hcm,5,0
601,400,0.0455702750323292,hcm,5,1
602,400,0.12480182807244508,hcm,5,2
603,400,0.06854855563052395,hcm,5,3
604,400,0.0625416799953231,hcm,5,4
605,400,0.11764821458330121,hcm,5,5
606,400,0.1136892553248641,hcm,5,6
607,400,0.10437243044971654,hcm,5,7
608,400,0.10518560497047384,hcm,5,8
609,400,0.03182558685715483,hcm,5,9
610,400,0.11994202664888871,hcm,5,10
611,400,0.08971567668562694,hcm,5,11
612,400,0.03902399547876621,hcm,5,12
613,400,0.05942555451864563,hcm,5,13
614,400,0.09275057202908149,hcm,5,14
615,400,0.20048632571460479,hcm,5,15
616,400,0.04674641331055042,hcm,5,16
617,400,0.06280811544166869,hcm,5,17
618,400,0.07550416365614586,hcm,5,18
619,400,0.08265947281368058,hcm,5,19
620,500,0.054780699947570746,hcm,5,0
621,500,0.07744688668651362,hcm,5,1
622,500,0.05426960069095164,hcm,5,2
623,500,0.03064491795450751,hcm,5,3
624,500,0.10458068044192387,hcm,5,4
625,500,0.09176831051971804,hcm,5,5
626,500,0.06064814817260185,hcm,5,6
627,500,0.04871979259233054,hcm,5,7
628,500,0.06277150651088709,hcm,5,8
629,500,0.03728174801900816,hcm,5,9
630,500,0.05549942500171024,hcm,5,10
631,500,0.1293809548237063,hcm,5,11
632,500,0.107410537689315,hcm,5,12
633,500,0.10085351285376139,hcm,5,13
634,500,0.04576384678990711,hcm,5,14
635,500,0.08131202016466632,hcm,5,15
636,500,0.09544517149786352,hcm,5,16
637,500,0.11233658812765501,hcm,5,17
638,500,0.10627206941769257,hcm,5,18
639,500,0.09142067750517117,hcm,5,19
640,600,0.04758797885582919,hcm,5,0
641,600,0.02232267050543123,hcm,5,1
642,600,0.04256621003054227,hcm,5,2
643,600,0.10134951528987284,hcm,5,3
644,600,0.09509006660030582,hcm,5,4
645,600,0.06172992372395381,hcm,5,5
646,600,0.10303906239039501,hcm,5,6
647,600,0.04298373643126414,hcm,5,7
648,600,0.07935978290361914,hcm,5,8
649,600,0.12543977929105704,hcm,5,9
650,600,0.0800243494796013,hcm,5,10
651,600,0.04817801764107121,hcm,5,11
652,600,0.08848368208958858,hcm,5,12
653,600,0.14216069740178405,hcm,5,13
654,600,0.07206173084238399,hcm,5,14
655,600,0.04847426491979768,hcm,5,15
656,600,0.04681403257850188,hcm,5,16
657,600,0.08557212579390722,hcm,5,17
658,600,0.08648445452942184,hcm,5,18
659,600,0.08849927569128203,hcm,5,19
660,700,0.08820025317370395,hcm,5,0
661,700,0.06726627676078176,hcm,5,1
662,700,0.04616981716376553,hcm,5,2
663,700,0.041571922733006354,hcm,5,3
664,700,0.05716284666727656,hcm,5,4
665,700,0.07683513919790695,hcm,5,5
666,700,0.06448252627733275,hcm,5,6
667,700,0.019814172978933477,hcm,5,7
668,700,0.0393080678356893,hcm,5,8
669,700,0.1094878212514346,hcm,5,9
670,700,0.05961001488885053,hcm,5,10
671,700,0.09250676478995436,hcm,5,11
672,700,0.07876668933664441,hcm,5,12
673,700,0.014617947947108845,hcm,5,13
674,700,0.06854987433903804,hcm,5,14
675,700,0.0936886177686925,hcm,5,15
676,700,0.03867890941829824,hcm,5,16
677,700,0.09380111489515935,hcm,5,17
678,700,0.09017105024972227,hcm,5,18
679,700,0.10621023747655148,hcm,5,19
680,800,0.07255700837120317,hcm,5,0
681,800,0.07760020016367068,hcm,5,1
682,800,0.07971809767577018,hcm,5,2
683,800,0.06912112034225569,hcm,5,3
684,800,0.05357812413641501,hcm,5,4
685,800,0.044764158883948024,hcm,5,5
686,800,0.080221596533798,hcm,5,6
687,800,0.04859978363080346,hcm,5,7
688,800,0.06314088695984099,hcm,5,8
689,800,0.07539630391765202,hcm,5,9
690,800,0.07790008559552328,hcm,5,10
691,800,0.06189973254804239,hcm,5,11
692,800,0.06818134583431297,hcm,5,12
693,800,0.06472954965673253,hcm,5,13
694,800,0.062085204884358036,hcm,5,14
695,800,0.07142946237026705,hcm,5,15
696,800,0.05101422472281486,hcm,5,16
697,800,0.038297223886922256,hcm,5,17
698,800,0.05265813650620376,hcm,5,18
699,800,0.0767106303034862,hcm,5,19
700,900,0.07396569441184864,hcm,5,0
701,900,0.08492049730353221,hcm,5,1
702,900,0.11292349306268223,hcm,5,2
703,900,0.07609540114823828,hcm,5,3
704,900,0.07984055033785539,hcm,5,4
705,900,0.05676805366109621,hcm,5,5
706,900,0.06333112220657006,hcm,5,6
707,900,0.06567802329698814,hcm,5,7
708,900,0.034956306525064026,hcm,5,8
709,900,0.06333272337540997,hcm,5,9
710,900,0.08431212902773079,hcm,5,10
711,900,0.047748179244704196,hcm,5,11
712,900,0.08037309074616608,hcm,5,12
713,900,0.07018407879159455,hcm,5,13
714,900,0.08907117170133504,hcm,5,14
715,900,0.05748853413172848,hcm,5,15
716,900,0.06268295717203518,hcm,5,16
717,900,0.06848665433308254,hcm,5,17
718,900,0.09727175840440555,hcm,5,18
719,900,0.05005206078252047,hcm,5,19
720,100,0.22394471800584836,hcm,5,0
721,100,0.3994047555670461,hcm,5,1
722,100,0.20932960572897716,hcm,5,2
723,100,0.3573032761875457,hcm,5,3
724,100,0.38867611896968124,hcm,5,4
725,100,0.3220405676370514,hcm,5,5
726,100,0.363076644992744,hcm,5,6
727,100,0.2932603706887717,hcm,5,7
728,100,0.23825780109539987,hcm,5,8
729,100,0.537366590058838,hcm,5,9
730,100,0.2114128763040652,hcm,5,10
731,100,0.3336090402776754,hcm,5,11
732,100,0.24511975985956,hcm,5,12
733,100,0.43276363939635537,hcm,5,13
734,100,0.17298133196536652,hcm,5,14
735,100,0.27275635314321944,hcm,5,15
736,100,0.4112225220084862,hcm,5,16
737,100,0.2706366054943817,hcm,5,17
738,100,0.23804441318367384,hcm,5,18
739,100,0.24236494082287927,hcm,5,19
740,200,0.10572838156897443,hcm,5,0
741,200,0.2263171639591526,hcm,5,1
742,200,0.11933410874213136,hcm,5,2
743,200,0.10820550193494459,hcm,5,3
744,200,0.28136331440225876,hcm,5,4
745,200,0.06104092094129757,hcm,5,5
746,200,0.2330908729020254,hcm,5,6
747,200,0.17601505351446886,hcm,5,7
748,200,0.0836419214214966,hcm,5,8
749,200,0.08903945708383093,hcm,5,9
750,200,0.15624111118170042,hcm,5,10
751,200,0.2777682796097025,hcm,5,11
752,200,0.22098018373622083,hcm,5,12
753,200,0.1209177948004824,hcm,5,13
754,200,0.09284985164764847,hcm,5,14
755,200,0.27736248979342554,hcm,5,15
756,200,0.1267133679145054,hcm,5,16
757,200,0.15788901843489114,hcm,5,17
758,200,0.327720445137891,hcm,5,18
759,200,0.2213359295969056,hcm,5,19
760,300,0.15264210298933947,hcm,5,0
761,300,0.17451010498457334,hcm,5,1
762,300,0.09038257137600382,hcm,5,2
763,300,0.21226862127211896,hcm,5,3
764,300,0.06742662605220383,hcm,5,4
765,300,0.1641526967105823,hcm,5,5
766,300,0.12617522195592706,hcm,5,6
767,300,0.08018375302689038,hcm,5,7
768,300,0.12402593766347975,hcm,5,8
769,300,0.10674534287943964,hcm,5,9
770,300,0.12341607586546424,hcm,5,10
771,300,0.2270652057823518,hcm,5,11
772,300,0.16859478186484075,hcm,5,12
773,300,0.02759122315585132,hcm,5,13
774,300,0.17764674967149346,hcm,5,14
775,300,0.13485917162258249,hcm,5,15
776,300,0.11933774533272119,hcm,5,16
777,300,0.12498744859301404,hcm,5,17
778,300,0.17230558397260412,hcm,5,18
779,300,0.09542585575052012,hcm,5,19
780,400,0.0591157273828401,hcm,5,0
781,400,0.14337627881967077,hcm,5,1
782,400,0.06739287686624318,hcm,5,2
783,400,0.11805117267235045,hcm,5,3
784,400,0.14170463453884927,hcm,5,4
785,400,0.08075606150128795,hcm,5,5
786,400,0.17161590007707217,hcm,5,6
787,400,0.2131653828058316,hcm,5,7
788,400,0.24141862053832125,hcm,5,8
789,400,0.1358956086839626,hcm,5,9
790,400,0.05627732114185055,hcm,5,10
791,400,0.1429637589090733,hcm,5,11
792,400,0.11345912883788986,hcm,5,12
793,400,0.1658130035772239,hcm,5,13
794,400,0.24341264153392808,hcm,5,14
795,400,0.1522629389189188,hcm,5,15
796,400,0.1488897235620392,hcm,5,16
797,400,0.07627125610335844,hcm,5,17
798,400,0.1304545582802461,hcm,5,18
799,400,0.19069715352686878,hcm,5,19
800,500,0.06787983777964722,hcm,5,0
801,500,0.06085814946271928,hcm,5,1
802,500,0.04363624645268625,hcm,5,2
803,500,0.08298501810105693,hcm,5,3
804,500,0.08825411644935599,hcm,5,4
805,500,0.0637420932453948,hcm,5,5
806,500,0.12694169753841467,hcm,5,6
807,500,0.11247798973817812,hcm,5,7
808,500,0.05627946514075648,hcm,5,8
809,500,0.022122707354093517,hcm,5,9
810,500,0.057222548352348204,hcm,5,10
811,500,0.12847468007488738,hcm,5,11
812,500,0.07590540309182028,hcm,5,12
813,500,0.06204320303909901,hcm,5,13
814,500,0.1677080212369538,hcm,5,14
815,500,0.04290423335204802,hcm,5,15
816,500,0.042761723607477264,hcm,5,16
817,500,0.05854016365464,hcm,5,17
818,500,0.03628489622999217,hcm,5,18
819,500,0.2606031998948767,hcm,5,19
820,600,0.0974503606814141,hcm,5,0
821,600,0.03207160162931638,hcm,5,1
822,600,0.042883842349663394,hcm,5,2
823,600,0.07518978098279602,hcm,5,3
824,600,0.11900165316981645,hcm,5,4
825,600,0.01876075437678083,hcm,5,5
826,600,0.06665877566368066,hcm,5,6
827,600,0.0739957770597391,hcm,5,7
828,600,0.13199793598530332,hcm,5,8
829,600,0.06006246467189079,hcm,5,9
830,600,0.1400775178161941,hcm,5,10
831,600,0.1878497399199204,hcm,5,11
832,600,0.059102582771752586,hcm,5,12
833,600,0.05327837212789905,hcm,5,13
834,600,0.10637167695991472,hcm,5,14
835,600,0.09824219709672918,hcm,5,15
836,600,0.11258239293278757,hcm,5,16
837,600,0.05601535981880794,hcm,5,17
838,600,0.07414200769746329,hcm,5,18
839,600,0.05242764973626592,hcm,5,19
840,700,0.06045794815103561,hcm,5,0
841,700,0.13957178550702748,hcm,5,1
842,700,0.04932715761453947,hcm,5,2
843,700,0.08485474244020806,hcm,5,3
844,700,0.041965637441981486,hcm,5,4
845,700,0.07507148296160103,hcm,5,5
846,700,0.09604552906514814,hcm,5,6
847,700,0.060936258517107246,hcm,5,7
848,700,0.11241873856902174,hcm,5,8
849,700,0.05322486020132515,hcm,5,9
850,700,0.06772019601026384,hcm,5,10
851,700,0.04800977139437678,hcm,5,11
852,700,0.09776738826608997,hcm,5,12
853,700,0.04202102917598539,hcm,5,13
854,700,0.05928624106934287,hcm,5,14
855,700,0.04928081495439293,hcm,5,15
856,700,0.08700402410489602,hcm,5,16
857,700,0.08284538003421646,hcm,5,17
858,700,0.13430161403225369,hcm,5,18
859,700,0.05418515443318339,hcm,5,19
860,800,0.06121792298912547,hcm,5,0
861,800,0.06120816586619239,hcm,5,1
862,800,0.11802370323636593,hcm,5,2
863,800,0.06322924525011647,hcm,5,3
864,800,0.04091646920897084,hcm,5,4
865,800,0.059274962851930096,hcm,5,5
866,800,0.1759357796993676,hcm,5,6
867,800,0.04674417989076694,hcm,5,7
868,800,0.06559724628519586,hcm,5,8
869,800,0.037761341035836865,hcm,5,9
870,800,0.047787009982220796,hcm,5,10
871,800,0.0605639428435088,hcm,5,11
872,800,0.10721373448593782,hcm,5,12
873,800,0.029412464991222825,hcm,5,13
874,800,0.024700370590587793,hcm,5,14
875,800,0.048275283710055406,hcm,5,15
876,800,0.07601244313440178,hcm,5,16
877,800,0.06389902336373564,hcm,5,17
878,800,0.1579441182586173,hcm,5,18
879,800,0.06674195268112361,hcm,5,19
880,900,0.04815193454579056,hcm,5,0
881,900,0.028558887386822423,hcm,5,1
882,900,0.07952126351216823,hcm,5,2
883,900,0.045647801159061224,hcm,5,3
884,900,0.06489570626064727,hcm,5,4
885,900,0.036971167547914484,hcm,5,5
886,900,0.03471477656703272,hcm,5,6
887,900,0.05912249509942742,hcm,5,7
888,900,0.057261745467383586,hcm,5,8
889,900,0.059367778182588704,hcm,5,9
890,900,0.07917827974171832,hcm,5,10
891,900,0.10868100691685778,hcm,5,11
892,900,0.03304598837238893,hcm,5,12
893,900,0.04853382954913961,hcm,5,13
894,900,0.06382133809861752,hcm,5,14
895,900,0.07309079755736353,hcm,5,15
896,900,0.05816614459096066,hcm,5,16
897,900,0.07865578477388649,hcm,5,17
898,900,0.029154930386968217,hcm,5,18
899,900,0.04214976415372587,hcm,5,19
