,N,kl,type,d,eps
0,100,0.13371206397975932,ck,3,0.0
1,100,0.3951330395019912,ck,3,0.001
2,100,0.06583908749753467,ck,3,0.01
3,100,0.3128075542424255,ck,3,0.1
4,200,0.1570246328420585,ck,3,0.0
5,200,0.0799505008622391,ck,3,0.001
6,200,0.16241222226488766,ck,3,0.01
7,200,0.22448471756456098,ck,3,0.1
8,300,0.08653692348559573,ck,3,0.0
9,300,0.05549155920948577,ck,3,0.001
10,300,0.12720447620999864,ck,3,0.01
11,300,0.12128931500698441,ck,3,0.1
12,400,0.08238897041890995,ck,3,0.0
13,400,0.02259861132985664,ck,3,0.001
14,400,0.10809070742898044,ck,3,0.01
15,400,0.1336039266937274,ck,3,0.1
16,500,0.02322644256773669,ck,3,0.0
17,500,0.15684852857405546,ck,3,0.001
18,500,0.03325780870728733,ck,3,0.01
19,500,0.08199573687544162,ck,3,0.1
20,600,0.03723989085234723,ck,3,0.0
21,600,0.05072407219436869,ck,3,0.001
22,600,0.06616474064829246,ck,3,0.01
23,600,0.07330452601955532,ck,3,0.1
24,700,0.016343480809573246,ck,3,0.0
25,700,0.038109532409144053,ck,3,0.001
26,700,0.07388519736552583,ck,3,0.01
27,700,0.03718047047271973,ck,3,0.1
28,800,0.028894366609760816,ck,3,0.0
29,800,0.04522643627782286,ck,3,0.001
30,800,0.043486911320070445,ck,3,0.01
31,800,0.031718547161404445,ck,3,0.1
32,900,0.030231176659485676,ck,3,0.0
33,900,0.07271371074138938,ck,3,0.001
34,900,0.04054032850628144,ck,3,0.01
35,900,0.03227046075907262,ck,3,0.1
36,100,0.5322098917666436,ck,3,0.0
37,100,0.30967637183671987,ck,3,0.001
38,100,0.3303054917020376,ck,3,0.01
39,100,0.42563596986455277,ck,3,0.1
40,200,0.12452344538110305,ck,3,0.0
41,200,0.16309350209947085,ck,3,0.001
42,200,0.19602394184981625,ck,3,0.01
43,200,0.09984576791423372,ck,3,0.1
44,300,0.14940711578214588,ck,3,0.0
45,300,0.06446193556455568,ck,3,0.001
46,300,0.027316688603442107,ck,3,0.01
47,300,0.07623582054658702,ck,3,0.1
48,400,0.03116976402467866,ck,3,0.0
49,400,0.0325951634778387,ck,3,0.001
50,400,0.008190689058035555,ck,3,0.01
51,400,0.05386194861997638,ck,3,0.1
52,500,0.024031976140485176,ck,3,0.0
53,500,0.045228017390771806,ck,3,0.001
54,500,0.031568384746614636,ck,3,0.01
55,500,0.08623315380677547,ck,3,0.1
56,600,0.03284064583415279,ck,3,0.0
57,600,0.034277763746713735,ck,3,0.001
58,600,0.012688908722090376,ck,3,0.01
59,600,0.01922315616582803,ck,3,0.1
60,700,0.030499735727428763,ck,3,0.0
61,700,0.026894568583636095,ck,3,0.001
62,700,0.023773966528573914,ck,3,0.01
63,700,0.07850883229573968,ck,3,0.1
64,800,0.044607522711866715,ck,3,0.0
65,800,0.026341650227109353,ck,3,0.001
66,800,0.03785926850274111,ck,3,0.01
67,800,0.061408372923414126,ck,3,0.1
68,900,0.010755393276256369,ck,3,0.0
69,900,0.02899037697223414,ck,3,0.001
70,900,0.019454857665693166,ck,3,0.01
71,900,0.08499528684219812,ck,3,0.1
72,100,0.3365639957436085,ck,3,0.0
73,100,0.4734599900321752,ck,3,0.001
74,100,0.2687754504016101,ck,3,0.01
75,100,0.1596512911814658,ck,3,0.1
76,200,0.11647077133135463,ck,3,0.0
77,200,0.16053933040575463,ck,3,0.001
78,200,0.13015888112967766,ck,3,0.01
79,200,0.12753004859465028,ck,3,0.1
80,300,0.16978881085381262,ck,3,0.0
81,300,0.09498851601856152,ck,3,0.001
82,300,0.10177529737945602,ck,3,0.01
83,300,0.05991367518678106,ck,3,0.1
84,400,0.06807601036032684,ck,3,0.0
85,400,0.0429921299840445,ck,3,0.001
86,400,0.03417024318150649,ck,3,0.01
87,400,0.06327675676807384,ck,3,0.1
88,500,0.041144403175372365,ck,3,0.0
89,500,0.018793024521511166,ck,3,0.001
90,500,0.021592157363173936,ck,3,0.01
91,500,0.05689233506286078,ck,3,0.1
92,600,0.07811833008398059,ck,3,0.0
93,600,0.020610351145151324,ck,3,0.001
94,600,0.01820647204351724,ck,3,0.01
95,600,0.040776690238638585,ck,3,0.1
96,700,0.04113134827178515,ck,3,0.0
97,700,0.037340567870644534,ck,3,0.001
98,700,0.031179565060765115,ck,3,0.01
99,700,0.026947278418186393,ck,3,0.1
100,800,0.029756864671810428,ck,3,0.0
101,800,0.008650027059396716,ck,3,0.001
102,800,0.020009775169637922,ck,3,0.01
103,800,0.032358447618441005,ck,3,0.1
104,900,0.04788027388933196,ck,3,0.0
105,900,0.08373835393177725,ck,3,0.001
106,900,0.02642538712809179,ck,3,0.01
107,900,0.03227278793162656,ck,3,0.1
108,100,0.6328476157113759,ck,3,0.0
109,100,0.39854890829507605,ck,3,0.001
110,100,0.32114649921558514,ck,3,0.01
111,100,0.7302986354806266,ck,3,0.1
112,200,0.11832262246707635,ck,3,0.0
113,200,0.38041401511338935,ck,3,0.001
114,200,0.22326333254677222,ck,3,0.01
115,200,0.14840447404923646,ck,3,0.1
116,300,0.1492175583178962,ck,3,0.0
117,300,0.11180534467691289,ck,3,0.001
118,300,0.13610228689144327,ck,3,0.01
119,300,0.2122989171036182,ck,3,0.1
120,400,0.049355802072832924,ck,3,0.0
121,400,0.06853066535213706,ck,3,0.001
122,400,0.08757512185080417,ck,3,0.01
123,400,0.05803809927783667,ck,3,0.1
124,500,0.024868019488638607,ck,3,0.0
125,500,0.02467695264751966,ck,3,0.001
126,500,0.04082114429188115,ck,3,0.01
127,500,0.09097850210775199,ck,3,0.1
128,600,0.041449405793244506,ck,3,0.0
129,600,0.049589660647110116,ck,3,0.001
130,600,0.0367018311052855,ck,3,0.01
131,600,0.12296130218240661,ck,3,0.1
132,700,0.03676340505075205,ck,3,0.0
133,700,0.03762709458696625,ck,3,0.001
134,700,0.05462083683556725,ck,3,0.01
135,700,0.15257118851282497,ck,3,0.1
136,800,0.016665530256255473,ck,3,0.0
137,800,0.008894096164938803,ck,3,0.001
138,800,0.020456239544007604,ck,3,0.01
139,800,0.08180788348242848,ck,3,0.1
140,900,0.009158478993548984,ck,3,0.0
141,900,0.008711218328147993,ck,3,0.001
142,900,0.022336620507775667,ck,3,0.01
143,900,0.12758638771137806,ck,3,0.1
144,100,0.3446169912589281,ck,3,0.0
145,100,0.3605700755811104,ck,3,0.001
146,100,0.4451408348363101,ck,3,0.01
147,100,0.7805044598807179,ck,3,0.1
148,200,0.06048694435813903,ck,3,0.0
149,200,0.12090608501282599,ck,3,0.001
150,200,0.029117569442503474,ck,3,0.01
151,200,0.2681887251455833,ck,3,0.1
152,300,0.03218467269048342,ck,3,0.0
153,300,0.06414535551121442,ck,3,0.001
154,300,0.0422810560891617,ck,3,0.01
155,300,0.045784196026140415,ck,3,0.1
156,400,0.013334556732121833,ck,3,0.0
157,400,0.02647772149283243,ck,3,0.001
158,400,0.04093798145352763,ck,3,0.01
159,400,0.04750587717648181,ck,3,0.1
160,500,0.04996342359505725,ck,3,0.0
161,500,0.05064616872065944,ck,3,0.001
162,500,0.03832315797199908,ck,3,0.01
163,500,0.025285404099243708,ck,3,0.1
164,600,0.01901492799273443,ck,3,0.0
165,600,0.048984801787479805,ck,3,0.001
166,600,0.00634351423902488,ck,3,0.01
167,600,0.10913150031880701,ck,3,0.1
168,700,0.04857036370871387,ck,3,0.0
169,700,0.01770305342851953,ck,3,0.001
170,700,0.03920608402991537,ck,3,0.01
171,700,0.028830436307227862,ck,3,0.1
172,800,0.04851223141283303,ck,3,0.0
173,800,0.03917837171399061,ck,3,0.001
174,800,0.01807918597899607,ck,3,0.01
175,800,0.03900963532262338,ck,3,0.1
176,900,0.032559556159028676,ck,3,0.0
177,900,0.03205023799288427,ck,3,0.001
178,900,0.018848077474346976,ck,3,0.01
179,900,0.02066480084731572,ck,3,0.1
180,100,0.59490843050606,ck,5,0.0
181,100,0.4579087000489506,ck,5,0.001
182,100,0.968575211497459,ck,5,0.01
183,100,0.6710472240904853,ck,5,0.1
184,200,0.4284340473056298,ck,5,0.0
185,200,0.3712851685444526,ck,5,0.001
186,200,0.21415187067921043,ck,5,0.01
187,200,0.4547419408031101,ck,5,0.1
188,300,0.1334252437263904,ck,5,0.0
189,300,0.3264352292786531,ck,5,0.001
190,300,0.47146087383084007,ck,5,0.01
191,300,0.3737156470519625,ck,5,0.1
192,400,0.037550852340356815,ck,5,0.0
193,400,0.1835953683555842,ck,5,0.001
194,400,0.13642153236001775,ck,5,0.01
195,400,0.14814904146772487,ck,5,0.1
196,500,0.20045422868607254,ck,5,0.0
197,500,0.09364198764011322,ck,5,0.001
198,500,0.06291746379267824,ck,5,0.01
199,500,0.25428054166594316,ck,5,0.1
200,600,0.23407868935645937,ck,5,0.0
201,600,0.2846215554727824,ck,5,0.001
202,600,0.13057288719063656,ck,5,0.01
203,600,0.1638415970971135,ck,5,0.1
204,700,0.08925910776286926,ck,5,0.0
205,700,0.06498478425779511,ck,5,0.001
206,700,0.12896842367464237,ck,5,0.01
207,700,0.23860608650247925,ck,5,0.1
208,800,0.10751377766534535,ck,5,0.0
209,800,0.03959572722710799,ck,5,0.001
210,800,0.13549840411664885,ck,5,0.01
211,800,0.19812842972573086,ck,5,0.1
212,900,0.07232668864379782,ck,5,0.0
213,900,0.06563101451649761,ck,5,0.001
214,900,0.09807500285904645,ck,5,0.01
215,900,0.168624717789221,ck,5,0.1
216,100,0.6411243897679922,ck,5,0.0
217,100,0.7040358772372156,ck,5,0.001
218,100,0.24816829721742595,ck,5,0.01
219,100,0.3199550989265126,ck,5,0.1
220,200,0.7698778569099889,ck,5,0.0
221,200,0.1894475292460164,ck,5,0.001
222,200,0.16279215660337495,ck,5,0.01
223,200,0.18002830842664835,ck,5,0.1
224,300,0.1055630484461277,ck,5,0.0
225,300,0.2309275295274566,ck,5,0.001
226,300,0.15446925683798762,ck,5,0.01
227,300,0.20522310429374185,ck,5,0.1
228,400,0.18667045187672415,ck,5,0.0
229,400,0.10183984338949065,ck,5,0.001
230,400,0.14187063804390632,ck,5,0.01
231,400,0.05291303625187507,ck,5,0.1
232,500,0.08779146166025867,ck,5,0.0
233,500,0.36895212316695464,ck,5,0.001
234,500,0.0765492525046086,ck,5,0.01
235,500,0.12557039230898703,ck,5,0.1
236,600,0.08692488215835145,ck,5,0.0
237,600,0.10927423430741151,ck,5,0.001
238,600,0.09108556256492141,ck,5,0.01
239,600,0.10939044299269576,ck,5,0.1
240,700,0.15066275218482547,ck,5,0.0
241,700,0.049681451805698044,ck,5,0.001
242,700,0.040988528731746555,ck,5,0.01
243,700,0.10184876156339305,ck,5,0.1
244,800,0.041078006436916475,ck,5,0.0
245,800,0.0968295888550883,ck,5,0.001
246,800,0.06594235722554198,ck,5,0.01
247,800,0.0472910804899474,ck,5,0.1
248,900,0.05205062750547329,ck,5,0.0
249,900,0.10122537572608273,ck,5,0.001
250,900,0.0733310003136165,ck,5,0.01
251,900,0.16695991860257847,ck,5,0.1
252,100,0.8615904269548303,ck,5,0.0
253,100,0.9522926459693217,ck,5,0.001
254,100,0.8183328477254231,ck,5,0.01
255,100,1.9307468551343905,ck,5,0.1
256,200,0.8679480102181791,ck,5,0.0
257,200,0.6679778726296013,ck,5,0.001
258,200,0.5607247809717882,ck,5,0.01
259,200,0.7217359795285375,ck,5,0.1
260,300,0.37014889016382446,ck,5,0.0
261,300,0.6706262077330956,ck,5,0.001
262,300,0.5661923935982257,ck,5,0.01
263,300,0.4511481731326635,ck,5,0.1
264,400,0.6894447761462806,ck,5,0.0
265,400,0.5175393418912614,ck,5,0.001
266,400,0.9754458843410427,ck,5,0.01
267,400,0.3612147000416507,ck,5,0.1
268,500,0.5474567946715208,ck,5,0.0
269,500,0.5695405314204068,ck,5,0.001
270,500,0.6047682528303527,ck,5,0.01
271,500,0.3407074612747347,ck,5,0.1
272,600,0.36639200422585805,ck,5,0.0
273,600,0.383167358742899,ck,5,0.001
274,600,0.574788813472676,ck,5,0.01
275,600,0.34675724789046236,ck,5,0.1
276,700,0.496972898469595,ck,5,0.0
277,700,0.6254669998768436,ck,5,0.001
278,700,0.20829477601709026,ck,5,0.01
279,700,0.35790264125153126,ck,5,0.1
280,800,0.32969909527530833,ck,5,0.0
281,800,0.6402314019980957,ck,5,0.001
282,800,0.16359487202988776,ck,5,0.01
283,800,0.2880663060410229,ck,5,0.1
284,900,0.4668214807671966,ck,5,0.0
285,900,0.4855046380877311,ck,5,0.001
286,900,0.6052646534973796,ck,5,0.01
287,900,0.3289722823596332,ck,5,0.1
288,100,0.5686030220431761,ck,5,0.0
289,100,0.4490285210880494,ck,5,0.001
290,100,0.41439678561804816,ck,5,0.01
291,100,0.642182103527965,ck,5,0.1
292,200,0.1639130716133691,ck,5,0.0
293,200,0.4470997459098404,ck,5,0.001
294,200,0.3501343786264044,ck,5,0.01
295,200,0.27283405747616474,ck,5,0.1
296,300,0.2615497956051397,ck,5,0.0
297,300,0.2360419655425787,ck,5,0.001
298,300,0.15185873226222485,ck,5,0.01
299,300,0.23734071330237252,ck,5,0.1
300,400,0.16601864470636876,ck,5,0.0
301,400,0.09532778355939546,ck,5,0.001
302,400,0.20015120710160736,ck,5,0.01
303,400,0.09509861042979953,ck,5,0.1
304,500,0.13049015613235132,ck,5,0.0
305,500,0.16248681112790636,ck,5,0.001
306,500,0.14212998692468115,ck,5,0.01
307,500,0.19392597972323986,ck,5,0.1
308,600,0.14790043531071365,ck,5,0.0
309,600,0.09570079874476395,ck,5,0.001
310,600,0.3355702026448894,ck,5,0.01
311,600,0.30923009437088583,ck,5,0.1
312,700,0.17008748511444838,ck,5,0.0
313,700,0.05209727792033768,ck,5,0.001
314,700,0.29084063126115056,ck,5,0.01
315,700,0.16802078445738622,ck,5,0.1
316,800,0.18556077913535432,ck,5,0.0
317,800,0.13728003057762425,ck,5,0.001
318,800,0.2135079441370743,ck,5,0.01
319,800,0.04993758151510222,ck,5,0.1
320,900,0.1578558211274324,ck,5,0.0
321,900,0.1886280271140491,ck,5,0.001
322,900,0.15494943324332208,ck,5,0.01
323,900,0.1460102750971738,ck,5,0.1
324,100,0.9367537401485188,ck,5,0.0
325,100,0.22627231847315474,ck,5,0.001
326,100,0.5790050495112088,ck,5,0.01
327,100,0.837003253544638,ck,5,0.1
328,200,0.27153545039739674,ck,5,0.0
329,200,0.3939992493113192,ck,5,0.001
330,200,0.21249299868310592,ck,5,0.01
331,200,0.36275419472276,ck,5,0.1
332,300,0.32371455406897254,ck,5,0.0
333,300,0.18175175064434973,ck,5,0.001
334,300,0.24819285342971864,ck,5,0.01
335,300,0.5141153314166318,ck,5,0.1
336,400,0.3920387568725187,ck,5,0.0
337,400,0.4113272117648758,ck,5,0.001
338,400,0.37281733541162,ck,5,0.01
339,400,0.1617005055354203,ck,5,0.1
340,500,0.17696242273658502,ck,5,0.0
341,500,0.24366944552907494,ck,5,0.001
342,500,0.11105385047296307,ck,5,0.01
343,500,0.3433999786379607,ck,5,0.1
344,600,0.3420724354660246,ck,5,0.0
345,600,0.0719093011436855,ck,5,0.001
346,600,0.1353682107274593,ck,5,0.01
347,600,0.34922552290617714,ck,5,0.1
348,700,0.1345799493460497,ck,5,0.0
349,700,0.06720703217292431,ck,5,0.001
350,700,0.10224094749840909,ck,5,0.01
351,700,0.1747049269468593,ck,5,0.1
352,800,0.27880582326622994,ck,5,0.0
353,800,0.14269054418498478,ck,5,0.001
354,800,0.09970802001333443,ck,5,0.01
355,800,0.21419200279610853,ck,5,0.1
356,900,0.09390543731865217,ck,5,0.0
357,900,0.20097571232942243,ck,5,0.001
358,900,0.1250060214619686,ck,5,0.01
359,900,0.25953086647221146,ck,5,0.1
360,100,0.5480126669852308,ck,8,0.0
361,100,0.6791696582023062,ck,8,0.001
362,100,0.48813703331568514,ck,8,0.01
363,100,0.43055251808232603,ck,8,0.1
364,200,0.3545701766283591,ck,8,0.0
365,200,0.2466722143295456,ck,8,0.001
366,200,0.2858453240490444,ck,8,0.01
367,200,0.5309585319093457,ck,8,0.1
368,300,0.3843339326971831,ck,8,0.0
369,300,0.25786286229419636,ck,8,0.001
370,300,0.1134629548016847,ck,8,0.01
371,300,0.34201465680522414,ck,8,0.1
372,400,0.17027563877623314,ck,8,0.0
373,400,0.17327649838021972,ck,8,0.001
374,400,0.13366550032261698,ck,8,0.01
375,400,0.1708439185624336,ck,8,0.1
376,500,0.056570374564398035,ck,8,0.0
377,500,0.1499270595181265,ck,8,0.001
378,500,0.20513218853542173,ck,8,0.01
379,500,0.16551973999440178,ck,8,0.1
380,600,0.2509365344657478,ck,8,0.0
381,600,0.20714290698990823,ck,8,0.001
382,600,0.1450566573684507,ck,8,0.01
383,600,0.17232245469966548,ck,8,0.1
384,700,0.16107166993887165,ck,8,0.0
385,700,0.1925755727999711,ck,8,0.001
386,700,0.14175551728441507,ck,8,0.01
387,700,0.15792571782963716,ck,8,0.1
388,800,0.12583728272218395,ck,8,0.0
389,800,0.17031968612346138,ck,8,0.001
390,800,0.19270590360920603,ck,8,0.01
391,800,0.20315894832372688,ck,8,0.1
392,900,0.16070206076874366,ck,8,0.0
393,900,0.1741167428856395,ck,8,0.001
394,900,0.13771785415915297,ck,8,0.01
395,900,0.216704869282175,ck,8,0.1
396,100,1.7289430856380097,ck,8,0.0
397,100,1.5556586792970089,ck,8,0.001
398,100,1.6763560852473118,ck,8,0.01
399,100,0.9815897230687283,ck,8,0.1
400,200,0.9360575763637903,ck,8,0.0
401,200,1.1417016014921666,ck,8,0.001
402,200,0.5625075151422606,ck,8,0.01
403,200,0.9999935683592893,ck,8,0.1
404,300,1.110322617322274,ck,8,0.0
405,300,0.5439805768047193,ck,8,0.001
406,300,1.0289689534259716,ck,8,0.01
407,300,0.637015554406898,ck,8,0.1
408,400,0.25337312897540565,ck,8,0.0
409,400,0.1808755019900967,ck,8,0.001
410,400,0.30523215868793585,ck,8,0.01
411,400,0.4071755593921057,ck,8,0.1
412,500,0.1714337246375587,ck,8,0.0
413,500,0.24914190320369545,ck,8,0.001
414,500,0.3001774166771028,ck,8,0.01
415,500,0.45093963853957336,ck,8,0.1
416,600,0.2192898727285559,ck,8,0.0
417,600,0.2531993478414143,ck,8,0.001
418,600,0.3968751403712127,ck,8,0.01
419,600,0.7528070625155513,ck,8,0.1
420,700,0.22868311907561442,ck,8,0.0
421,700,0.1840138499831357,ck,8,0.001
422,700,0.29999802102122264,ck,8,0.01
423,700,0.4617748222063028,ck,8,0.1
424,800,0.2897135890308678,ck,8,0.0
425,800,0.12314568432722499,ck,8,0.001
426,800,0.30071023152246035,ck,8,0.01
427,800,0.5175793376534685,ck,8,0.1
428,900,0.22363009097607656,ck,8,0.0
429,900,0.1828638289501546,ck,8,0.001
430,900,0.17985006654056715,ck,8,0.01
431,900,0.49846426283303513,ck,8,0.1
432,100,0.6070042441764965,ck,8,0.0
433,100,0.6701813762633865,ck,8,0.001
434,100,0.35980793373192294,ck,8,0.01
435,100,0.4036002332424987,ck,8,0.1
436,200,0.1475734914777207,ck,8,0.0
437,200,0.457997589782638,ck,8,0.001
438,200,0.19414894051598872,ck,8,0.01
439,200,0.20643335952852812,ck,8,0.1
440,300,0.2776975113671038,ck,8,0.0
441,300,0.2084027903049823,ck,8,0.001
442,300,0.07622776249358396,ck,8,0.01
443,300,0.18415022788463042,ck,8,0.1
444,400,0.1277202780044346,ck,8,0.0
445,400,0.1624305355345451,ck,8,0.001
446,400,0.07080011964029494,ck,8,0.01
447,400,0.15519334656413417,ck,8,0.1
448,500,0.10749417341771812,ck,8,0.0
449,500,0.169879879679258,ck,8,0.001
450,500,0.15030412130708817,ck,8,0.01
451,500,0.235106817844774,ck,8,0.1
452,600,0.10080448789821067,ck,8,0.0
453,600,0.09904266830786654,ck,8,0.001
454,600,0.11314064745259012,ck,8,0.01
455,600,0.12018458229426768,ck,8,0.1
456,700,0.15314743522304702,ck,8,0.0
457,700,0.22886237592684047,ck,8,0.001
458,700,0.11608669694574203,ck,8,0.01
459,700,0.10777210538383697,ck,8,0.1
460,800,0.15169505068112255,ck,8,0.0
461,800,0.12554037712983646,ck,8,0.001
462,800,0.10153605299055271,ck,8,0.01
463,800,0.10341282598259649,ck,8,0.1
464,900,0.07736454382595315,ck,8,0.0
465,900,0.10149277163513815,ck,8,0.001
466,900,0.06379398930626101,ck,8,0.01
467,900,0.0650310067747554,ck,8,0.1
468,100,0.6181835001520706,ck,8,0.0
469,100,0.8469753673836293,ck,8,0.001
470,100,1.1123396076232934,ck,8,0.01
471,100,0.6177355974172082,ck,8,0.1
472,200,0.6334603557106455,ck,8,0.0
473,200,0.38383160165184793,ck,8,0.001
474,200,0.3780814380035443,ck,8,0.01
475,200,0.40377463714587947,ck,8,0.1
476,300,0.45079442375492984,ck,8,0.0
477,300,0.4344988741006765,ck,8,0.001
478,300,0.563550957522228,ck,8,0.01
479,300,0.6751922303171596,ck,8,0.1
480,400,0.45321678891112166,ck,8,0.0
481,400,0.36519174134591725,ck,8,0.001
482,400,0.4094425983942973,ck,8,0.01
483,400,0.3984856347492649,ck,8,0.1
484,500,0.692071378051247,ck,8,0.0
485,500,0.47079524796855504,ck,8,0.001
486,500,0.3149848606193849,ck,8,0.01
487,500,0.45113546550679035,ck,8,0.1
488,600,0.3533886185137248,ck,8,0.0
489,600,0.5508198340715419,ck,8,0.001
490,600,0.33124506540429177,ck,8,0.01
491,600,0.38419485509591234,ck,8,0.1
492,700,0.6735728953237665,ck,8,0.0
493,700,0.46287909061335275,ck,8,0.001
494,700,0.3909268587322943,ck,8,0.01
495,700,0.5685450857202022,ck,8,0.1
496,800,0.4622379983786029,ck,8,0.0
497,800,0.4777713578445204,ck,8,0.001
498,800,0.34202312974705895,ck,8,0.01
499,800,0.5447990735247222,ck,8,0.1
500,900,0.5781954414101332,ck,8,0.0
501,900,0.29358400658187,ck,8,0.001
502,900,0.35763501296703254,ck,8,0.01
503,900,0.651518681100563,ck,8,0.1
504,100,2.735584639352434,ck,8,0.0
505,100,1.8103714059025542,ck,8,0.001
506,100,2.467066061027204,ck,8,0.01
507,100,1.2384580604845026,ck,8,0.1
508,200,1.7264647516875573,ck,8,0.0
509,200,2.1315711594459192,ck,8,0.001
510,200,2.0564113567516653,ck,8,0.01
511,200,1.4866956511269476,ck,8,0.1
512,300,1.862441500047972,ck,8,0.0
513,300,1.5561788979819762,ck,8,0.001
514,300,1.024829731914212,ck,8,0.01
515,300,0.6405225028571988,ck,8,0.1
516,400,1.8030001992994147,ck,8,0.0
517,400,1.1631169654854563,ck,8,0.001
518,400,1.8768221483153487,ck,8,0.01
519,400,0.7469459587587517,ck,8,0.1
520,500,0.5049725264594298,ck,8,0.0
521,500,1.1630076691369855,ck,8,0.001
522,500,0.9911827651396323,ck,8,0.01
523,500,0.540981294023185,ck,8,0.1
524,600,1.2882987219339366,ck,8,0.0
525,600,1.9852511738356247,ck,8,0.001
526,600,1.0500392886048018,ck,8,0.01
527,600,0.5493063843756828,ck,8,0.1
528,700,1.1844938417724489,ck,8,0.0
529,700,0.34668315282787027,ck,8,0.001
530,700,1.161593998813482,ck,8,0.01
531,700,0.5894472004452966,ck,8,0.1
532,800,0.40867841152130624,ck,8,0.0
533,800,1.0068424205934743,ck,8,0.001
534,800,0.432297533337888,ck,8,0.01
535,800,0.5974687227992467,ck,8,0.1
536,900,0.3059995746455192,ck,8,0.0
537,900,1.1460668276169144,ck,8,0.001
538,900,0.5223324293431997,ck,8,0.01
539,900,0.4508178194728797,ck,8,0.1
